739
132
252
907
578
309
573
917
837
520
139
757
966
78
516
899
756
460
618
464
602
677
467
767
480
380
279
920
84
961
159
823
93
102
419
361
411
682
277
938
202
106
384
858
184
590
757
631
50
64
94
342
741
252
799
220
632
769
831
406
729
680
228
512
782
337
873
884
19
840
511
912
946
896
769
821
485
215
141
225
279
235
257
19
487
56
931
810
825
451
215
243
821
134
756
603
471
628
176
180
158
687
91
794
582
551
304
758
766
445
983
736
681
931
445
858
987
375
357
501
516
263
434
337
397
189
630
558
508
806
739
356
182
520
149
455
761
454
212
527
899
885
262
269
815
707
818
491
773
174
682
979
437
116
315
524
996
635
82
193
130
511
549
313
721
389
768
482
843
670
699
431
554
651
391
369
47
899
550
820
72
232
489
200
38
494
414
33
129
186
227
950
697
466
262
108
855
720
590
387
389
288
509
634
939
900
693
676
798
242
186
560
474
675
450
512
168
865
236
988
50
153
938
438
619
890
546
474
300
826
551
379
804
59
12
432
959
705
107
446
948
293
697
111
968
146
314
827
701
550
814
442
703
441
570
11
21
115
175
321
631
727
700
434
786
403
866
435
107
973
571
745
266
267
857
924
104
170
440
805
410
945
937
803
385
506
814
96
311
680
417
942
406
808
375
882
901
931
6
7
904
578
443
860
535
299
473
639
159
914
134
259
858
70
61
933
267
565
29
578
244
136
210
340
634
585
222
534
206
228
232
800
496
675
659
31
974
822
670
823
735
494
81
282
565
833
215
832
397
935
99
332
70
309
672
705
585
584
929
791
503
160
590
999
835
939
720
498
760
390
320
185
884
91
467
138
924
372
660
321
306
760
653
377
68
14
772
653
599
700
133
101
861
723
790
385
661
510
574
111
590
584
296
163
676
453
302
599
826
962
610
822
411
953
198
480
968
660
823
256
50
957
357
601
679
837
986
30
346
559
141
936
143
127
790
509
580
91
798
95
743
408
918
154
50
806
324
708
156
837
964
206
793
10
807
162
848
792
883
884
41
714
820
875
841
609
383
110
390
180
206
823
278
814
667
19
309
681
727
465
518
381
671
310
391
477
162
929
960
44
813
0
758
322
565
288
621
638
399
701
508
295
523
787
799
881
496
107
561
913
573
78
293
934
79
375
101
241
303
60
977
806
751
734
127
315
22
438
953
111
138
460
96
352
937
895
232
122
1
793
35
264
562
18
889
641
393
990
572
387
49
548
192
490
973
10
495
685
448
137
796
277
287
892
319
915
786
551
36
477
33
71
432
595
90
320
926
173
309
498
560
48
736
443
538
708
453
723
392
591
860
187
558
146
769
877
60
554
117
97
722
151
859
153
436
639
163
52
813
472
550
62
210
285
505
748
684
958
160
75
239
19
954
797
165
722
364
917
967
481
13
688
322
562
531
449
201
694
501
704
165
741
766
65
25
271
503
399
919
663
475
157
682
428
645
537
149
8
453
806
489
156
493
812
719
714
260
610
407
451
3
262
191
769
327
907
730
830
306
649
492
781
496
864
899
140
401
738
148
854
544
638
701
727
139
419
441
89
719
538
540
722
801
731
180
818
327
911
338
633
249
520
103
745
384
1
886
785
430
33
328
974
361
28
390
190
137
521
279
546
59
509
958
550
930
138
57
257
739
395
890
988
916
684
732
990
685
307
774
114
341
792
778
392
511
168
583
338
689
552
885
438
61
842
988
681
670
45
938
408
130
518
395
736
201
818
725
576
124
188
381
155
981
158
238
181
16
821
519
396
62
93
834
814
626
512
495
295
247
122
394
377
330
479
804
531
296
528
798
111
717
178
266
387
26
194
568
43
14
86
129
77
871
963
581
496
164
75
791
411
198
184
479
528
664
282
750
650
500
237
761
216
415
718
603
441
912
861
174
617
948
994
384
818
647
965
3
811
731
794
913
619
669
81
837
22
53
276
672
553
513
123
770
928
531
62
59
132
924
924
439
561
918
513
68
564
168
71
64
899
555
977
207
223
57
43
245
801
320
608
354
833
421
814
451
642
876
510
464
489
433
594
49
40
106
808
604
274
879
359
863
434
335
69
347
83
113
283
884
123
581
928
956
1
741
406
333
307
606
487
486
730
80
226
770
187
33
64
151
913
423
14
36
448
774
383
531
887
666
105
9
937
32
656
938
464
61
961
461
668
448
947
397
528
172
857
405
206
611
247
809
33
952
535
482
725
608
703
302
965
498
1
901
221
657
839
685
409
489
836
767
627
782
854
155
645
710
250
541
321
187
349
44
138
574
216
864
181
610
165
145
107
166
46
328
514
575
703
923
63
538
689
691
10
542
536
655
251
476
195
262
664
234
998
802
808
213
355
989
823
210
134
621
377
180
949
581
755
652
503
508
880
191
198
890
423
424
234
364
901
429
627
564
353
624
55
160
527
411
149
40
621
974
661
688
153
609
268
598
951
771
105
521
652
995
410
74
418
645
439
318
764
756
572
117
69
318
968
596
729
116
326
39
89
987
418
933
596
686
220
236
147
326
757
489
10
858
564
428
192
693
437
956
138
699
763
207
16
731
493
435
537
820
165
317
806
583
940
91
268
160
18
415
176
775
905
186
632
158
304
514
541
741
470
679
130
923
886
146
343
68
272
881
578
437
888
74
19
827
165
287
987
874
393
853
649
988
38
971
836
343
485
376
774
645
745
904
257
630
741
601
388
703
171
967
139
58
40
158
885
896
135
562
770
218
104
108
896
143
78
421
176
253
487
640
898
231
234
846
551
975
446
940
677
617
596
506
675
636
354
249
221
179
501
991
88
606
98
674
439
868
95
615
120
272
945
709
504
178
554
745
843
690
374
209
306
970
715
671
295
68
920
517
939
111
197
26
717
987
700
155
544
485
460
354
758
404
62
952
273
306
696
115
686
70
325
992
730
39
352
25
799
272
232
427
73
429
453
790
105
843
635
649
18
785
3
466
879
756
107
151
753
803
267
438
563
592
430
293
321
782
8
810
744
240
236
817
359
379
296
465
222
621
804
931
405
807
396
284
563
503
435
315
996
392
443
249
674
873
232
686
345
240
495
779
480
732
286
529
110
582
684
22
894
488
643
298
294
729
582
547
231
708
552
918
790
996
857
464
558
88
149
593
328
334
62
498
65
348
26
867
620
711
579
513
889
222
812
873
951
83
420
873
481
972
480
962
657
336
115
906
424
955
498
752
288
560
940
44
598
966
911
218
366
179
421
945
401
923
818
42
697
237
915
868
899
394
829
246
420
944
151
844
898
649
285
186
900
224
921
497
880
521
405
937
700
827
881
792
749
698
834
135
625
438
3
524
522
832
460
942
466
611
785
363
259
69
239
849
984
850
346
863
370
751
799
70
267
680
862
707
67
385
842
693
823
845
907
344
367
366
285
833
977
760
886
926
519
816
775
502
665
811
364
35
561
163
105
519
533
657
225
600
41
66
292
554
602
198
898
969
564
873
491
230
632
376
847
150
882
621
652
547
121
15
582
372
869
377
891
401
724
115
692
455
873
984
8
474
873
906
132
126
778
623
47
99
689
894
249
571
204
591
117
325
296
389
697
856
456
588
947
179
393
638
634
265
312
642
429
184
237
561
0
705
874
47
804
563
941
743
824
144
23
631
159
319
710
857
174
165
134
121
34
527
759
668
483
761
1000
912
945
927
163
946
321
36
683
124
289
624
557
803
458
580
433
618
589
142
164
764
998
298
575
31
515
23
389
688
785
78
600
419
695
453
54
15
489
738
830
469
51
386
271
509
656
395
817
245
227
981
699
916
969
964
947
174
987
26
862
461
795
151
881
490
604
935
505
784
362
335
943
413
411
904
613
67
298
119
2
216
100
701
131
759
664
768
623
340
484
485
802
279
326
682
459
621
306
654
94
669
989
36
772
90
940
384
157
929
504
850
835
294
550
966
743
904
423
366
243
908
541
735
877
867
416
25
487
413
679
581
772
358
307
543
448
938
618
295
556
121
144
390
105
384
45
538
287
468
904
220
65
444
956
632
1
61
657
178
474
26
450
245
384
757
789
522
384
406
817
940
217
651
329
12
34
374
550
11
533
144
231
598
278
877
921
970
939
267
148
102
293
598
348
677
44
827
889
429
923
395
368
830
45
388
842
770
762
81
781
294
916
703
583
885
579
193
854
207
460
1
310
754
289
658
120
24
174
9
453
96
404
511
616
140
899
147
910
351
228
381
335
835
83
918
719
352
801
572
250
261
264
560
705
553
908
825
267
81
524
720
868
619
922
483
759
510
630
358
861
548
739
196
72
512
804
791
555
605
53
805
556
317
364
260
560
962
84
828
733
299
237
290
918
849
773
366
359
92
724
219
330
153
105
403
665
600
884
219
204
937
23
450
944
77
710
194
38
484
712
461
783
639
751
390
488
213
756
847
305
170
756
326
323
552
729
988
151
612
898
45
239
611
495
182
689
204
376
417
688
778
569
161
417
319
551
905
533
998
441
528
167
196
854
180
438
272
167
589
575
755
634
814
366
128
996
745
22
62
161
711
840
730
562
256
740
112
851
963
109
291
490
967
178
34
146
616
997
4
896
571
759
529
384
124
348
70
559
60
132
411
461
662
831
22
919
570
135
769
532
935
751
713
902
619
437
47
234
433
51
129
695
811
349
78
625
387
148
184
137
971
285
599
633
115
621
241
686
446
9
908
381
450
310
282
68
437
329
994
561
71
813
255
882
852
23
196
238
172
70
66
833
355
665
465
471
976
706
847
422
406
444
803
856
445
775
615
882
794
608
442
865
420
387
436
272
411
323
200
273
393
957
105
439
621
571
600
597
967
446
709
372
580
201
919
24
976
533
907
459
140
38
324
250
116
450
212
527
773
103
490
857
59
595
986
371
856
585
658
823
721
366
194
300
567
112
15
232
335
612
381
165
340
395
416
456
846
318
673
308
111
162
855
862
758
840
232
613
114
890
435
525
946
320
826
202
122
531
124
458
142
505
623
482
901
729
939
436
47
611
434
158
774
289
19
221
819
942
524
624
521
650
148
466
970
664
358
91
194
482
549
336
678
863
819
578
591
447
704
638
748
137
487
521
116
196
432
936
138
957
559
659
606
397
816
265
61
864
46
255
346
596
282
714
148
100
982
739
237
685
377
985
822
554
196
939
750
318
564
578
274
813
928
570
209
433
835
270
296
882
216
332
167
498
45
315
288
26
53
215
711
120
199
223
364
85
852
114
404
105
382
368
608
309
939
817
742
463
778
729
344
684
60
201
181
106
206
159
823
951
374
224
70
263
447
435
349
989
239
753
784
621
120
391
621
749
898
52
212
365
781
246
48
842
448
920
638
654
78
460
294
142
684
365
406
821
490
755
499
419
197
282
730
7
363
350
757
261
93
659
626
874
905
365
405
352
284
42
697
53
193
991
195
877
45
291
388
225
736
577
334
933
550
64
631
913
104
77
864
888
736
490
762
640
545
166
683
519
209
69
572
402
750
458
969
486
749
46
711
485
624
736
107
864
490
738
776
284
505
640
172
240
820
934
571
364
790
944
883
999
12
145
90
452
603
750
938
41
486
339
216
109
74
14
973
564
442
439
538
948
78
710
878
588
333
448
952
123
81
524
812
784
669
903
236
962
342
173
694
828
202
600
628
276
614
290
530
56
729
68
3
497
468
881
775
802
19
726
925
791
941
736
575
299
328
811
952
670
674
645
188
567
244
816
843
549
796
63
605
215
822
298
712
289
869
177
90
578
593
705
369
533
441
944
833
769
444
474
129
808
118
7
374
52
823
908
291
308
971
896
523
482
884
926
771
443
102
552
20
695
256
79
919
697
22
751
156
156
224
976
655
32
983
719
775
495
626
66
803
286
652
326
768
226
942
229
669
43
781
379
428
727
459
346
114
171
96
270
328
10
936
673
733
918
391
198
102
708
955
905
994
606
921
452
522
862
371
190
595
151
260
23
568
719
369
682
890
156
642
908
857
577
580
590
184
662
478
286
369
432
882
52
728
802
504
250
354
875
130
949
716
390
972
975
108
341
656
689
497
298
596
353
565
867
633
750
218
110
726
587
232
607
639
961
99
834
901
453
398
721
401
805
111
373
779
910
404
124
598
591
112
885
944
678
441
267
117
659
67
843
245
300
140
574
951
239
97
851
382
186
571
783
681
372
846
149
973
940
273
570
530
386
144
164
63
585
431
871
243
188
403
178
178
543
443
128
472
230
669
544
416
931
17
787
302
863
936
274
493
209
535
22
285
369
186
38
955
307
909
888
186
311
757
364
545
890
493
707
119
161
251
226
91
268
12
84
821
639
358
313
848
583
26
823
953
212
861
597
210
459
174
396
460
621
760
695
510
943
402
320
795
343
546
886
301
248
660
121
887
709
125
424
291
151
937
934
53
797
220
954
255
395
39
406
15
490
100
216
432
502
536
226
535
772
803
836
710
462
648
287
861
463
711
152
304
648
776
47
134
997
1
80
81
731
486
96
220
586
2
343
779
538
569
3
1000
61
840
710
214
177
997
74
330
397
917
634
735
693
681
560
689
372
640
460
794
816
556
13
401
249
356
870
477
616
874
477
367
403
877
581
270
563
346
600
650
262
233
385
645
604
945
23
667
274
483
460
89
730
163
180
979
210
741
455
516
614
932
883
707
498
154
977
60
500
576
401
452
499
786
97
793
420
120
149
384
604
299
163
333
463
343
1
363
83
456
879
387
78
451
784
576
295
760
327
485
25
728
938
214
203
725
7
313
845
847
387
138
146
550
161
609
583
162
662
357
309
540
434
387
681
218
653
977
978
670
461
694
87
88
908
981
813
605
984
348
452
370
176
288
610
338
587
193
190
248
550
189
478
984
576
158
201
920
134
870
589
286
253
677
374
851
347
187
456
331
535
598
701
711
576
311
739
162
194
620
410
434
809
888
417
75
736
309
995
561
869
273
847
812
640
220
662
988
407
808
318
632
95
709
33
671
710
772
833
904
81
933
337
891
510
445
656
246
444
650
807
2
613
653
814
253
563
475
240
661
283
558
292
378
266
325
49
977
788
572
570
869
195
598
449
705
42
795
951
176
134
447
178
748
790
992
0
353
156
240
704
439
798
996
508
754
11
247
420
489
819
991
47
704
278
187
409
10
982
49
186
116
497
54
864
977
736
864
19
892
103
723
21
591
409
529
34
420
776
455
599
284
135
646
989
413
833
87
423
505
136
299
621
323
353
174
300
88
37
319
670
831
42
691
111
451
219
145
561
685
290
159
660
425
495
648
528
18
735
641
523
561
630
834
885
673
7
875
761
735
193
121
565
926
812
676
66
31
511
627
406
802
476
65
917
972
403
135
680
828
776
202
389
406
35
273
78
733
147
530
467
30
651
31
957
152
397
713
183
598
340
590
399
506
345
6
167
749
141
847
576
917
739
965
12
774
928
782
196
765
1
663
486
342
384
132
494
471
845
678
69
875
958
468
381
993
164
548
741
305
395
317
222
824
972
925
288
590
396
484
354
397
147
840
739
221
662
233
693
507
601
762
381
248
920
762
240
84
0
982
389
85
989
301
909
960
917
196
549
312
681
594
710
518
123
448
739
786
371
431
292
972
883
363
219
803
816
460
577
816
131
966
591
119
958
499
769
874
386
8
185
757
292
895
274
415
33
703
891
404
825
873
66
707
236
285
199
51
435
776
557
566
432
147
375
389
336
144
953
722
843
137
478
134
723
442
549
446
836
130
540
660
2
606
366
238
892
256
980
326
31
536
583
463
373
958
542
710
792
494
121
634
322
290
768
735
732
7
180
567
137
720
917
830
326
283
759
908
229
738
233
260
965
506
414
337
154
956
737
946
140
859
270
462
839
728
887
570
425
66
828
252
476
744
82
802
717
841
399
946
268
323
897
232
829
310
570
983
956
997
619
95
545
889
247
383
306
133
644
732
890
471
984
366
905
756
858
312
286
257
948
555
580
844
787
408
844
46
81
800
43
700
585
588
278
523
662
584
656
305
5
546
466
680
602
370
435
459
372
722
716
320
276
295
854
62
394
698
800
475
187
533
865
772
811
142
294
472
416
641
777
422
877
242
101
478
303
226
627
365
948
33
685
914
18
229
667
412
927
466
577
804
999
131
265
809
964
560
281
380
891
748
492
457
681
593
625
674
819
251
38
457
975
414
60
994
643
727
95
259
883
363
62
881
494
327
380
458
577
351
838
157
789
329
614
469
612
238
142
120
180
181
577
154
595
328
147
928
54
934
186
938
296
248
508
790
265
578
247
843
929
775
1000
408
103
304
877
405
542
710
526
412
581
793
567
866
120
404
793
866
337
979
803
633
917
0
113
181
579
360
714
197
826
404
605
929
708
172
24
249
882
550
662
152
32
919
17
153
322
810
18
350
478
511
673
394
511
786
265
780
837
980
978
662
73
272
280
781
134
304
720
706
854
71
858
887
990
875
730
2
374
438
352
852
949
715
245
459
501
201
930
337
871
597
999
944
559
969
724
694
273
443
399
817
515
948
393
194
512
122
196
887
560
238
738
508
954
674
658
454
875
277
481
745
874
169
688
432
137
101
125
410
234
215
227
439
853
310
634
364
433
520
941
683
759
679
882
712
42
539
856
917
506
26
351
379
195
729
811
332
830
627
433
754
532
350
193
74
660
827
438
92
346
69
466
795
748
347
196
480
576
742
396
81
768
437
460
963
165
961
986
685
277
418
438
499
458
631
573
117
147
702
901
184
771
366
979
208
403
866
688
979
607
83
750
375
520
209
27
375
860
12
59
137
120
497
636
578
819
209
386
656
601
977
840
371
32
509
579
435
374
266
103
671
39
853
45
249
752
73
624
611
776
373
438
587
560
765
855
378
664
240
34
264
907
564
635
939
72
213
63
136
169
166
808
208
18
543
147
460
616
771
71
82
834
509
669
393
964
523
772
627
454
496
891
360
59
525
299
823
428
52
959
287
219
456
495
928
1000
642
388
305
102
149
387
626
348
55
19
312
269
481
939
723
667
520
82
726
735
71
238
163
124
197
450
343
343
636
961
342
968
38
648
761
187
34
386
226
781
95
538
49
576
166
772
242
686
544
659
421
616
897
274
740
784
724
773
127
49
423
469
17
462
807
468
339
532
854
565
312
950
793
51
215
960
823
458
645
56
807
756
672
703
29
411
177
444
874
304
183
297
463
891
759
270
358
788
802
903
353
113
852
145
855
757
795
367
905
440
423
711
886
95
104
606
196
281
49
70
275
923
57
738
814
506
7
171
293
809
73
646
612
615
482
466
372
276
833
967
406
947
678
983
41
472
588
237
753
327
998
27
249
54
455
62
560
463
925
544
962
998
880
574
303
361
730
365
328
253
331
734
199
699
716
240
170
994
167
613
320
856
330
260
600
786
322
160
939
937
394
900
625
273
163
928
635
894
292
653
146
313
76
345
703
483
275
873
476
132
176
487
988
196
747
588
672
759
438
610
696
832
200
320
795
363
247
119
947
229
772
783
232
849
818
935
331
92
498
807
916
674
984
593
560
730
180
232
489
308
532
184
830
732
504
625
786
441
744
732
360
206
515
592
54
332
527
75
115
24
572
721
388
556
313
948
285
184
870
774
492
402
648
12
824
842
327
299
282
761
31
332
967
236
925
711
258
141
786
63
856
358
784
243
914
97
881
889
281
441
353
463
533
0
475
356
533
802
656
815
253
377
147
219
303
762
931
561
903
406
625
758
764
98
691
367
195
261
947
166
702
299
630
234
990
104
281
522
597
937
27
850
3
865
759
306
626
689
557
218
786
872
666
239
971
356
297
165
307
243
332
9
232
652
934
221
756
214
434
42
841
461
582
844
15
341
149
331
720
397
549
505
268
905
745
238
260
41
94
257
284
116
266
206
768
200
427
213
414
551
947
946
11
528
789
26
559
629
47
279
25
596
784
293
500
218
222
450
259
6
708
233
122
664
439
580
554
557
483
659
107
429
604
810
648
392
526
206
711
574
175
736
169
650
720
360
868
942
500
818
948
898
50
760
562
180
29
806
737
512
464
534
632
67
343
279
150
870
175
861
133
41
287
993
691
6
352
558
638
853
375
275
440
116
34
1
296
754
808
723
265
962
256
587
29
600
556
870
159
732
730
292
773
707
284
153
713
327
711
40
870
777
315
309
893
39
1
188
793
809
911
58
770
857
645
489
146
892
358
305
623
779
287
85
485
262
238
889
589
639
929
148
415
244
457
307
974
458
185
767
957
786
515
417
643
850
906
789
741
955
785
53
423
71
138
598
23
66
486
302
396
105
450
811
39
598
809
12
55
684
779
703
470
984
119
803
834
715
591
574
669
65
628
782
828
456
380
851
213
866
153
609
661
293
109
700
891
918
713
637
602
181
339
71
165
148
874
689
863
154
262
222
911
580
3
738
727
383
588
940
940
431
548
600
725
657
991
305
265
393
942
867
574
280
628
429
118
191
117
982
35
70
203
946
650
897
683
66
280
962
5
910
82
243
509
807
591
499
803
546
892
744
102
156
715
730
275
833
611
393
504
336
153
397
282
493
294
655
560
574
306
255
173
389
499
682
886
780
872
688
325
453
122
427
299
837
847
575
359
147
658
864
483
811
260
455
303
554
801
863
818
106
118
991
185
307
363
71
777
925
449
792
377
571
218
677
407
755
942
767
592
599
320
765
409
580
220
402
825
711
956
642
507
764
323
693
70
376
764
537
300
903
328
677
474
236
43
571
681
675
337
272
273
657
36
372
928
947
465
752
657
420
83
164
183
96
547
944
472
0
170
772
903
498
139
376
734
873
638
414
548
975
376
511
322
412
574
940
49
38
381
706
148
464
560
21
561
106
655
723
106
825
185
700
322
324
75
746
887
713
850
124
378
225
326
390
327
900
19
376
628
400
773
776
864
22
487
114
820
141
528
926
966
713
315
978
36
391
723
613
794
262
738
862
487
63
942
504
653
961
571
280
50
343
746
605
55
232
409
875
63
937
491
28
649
806
696
375
887
108
989
371
370
416
923
547
169
865
741
822
515
311
792
256
344
537
861
400
459
269
274
522
206
455
240
545
261
626
921
838
734
599
208
794
14
131
30
874
686
771
695
891
82
486
146
426
713
697
516
862
967
481
73
863
936
3
407
887
629
17
415
52
616
313
846
320
134
876
193
820
336
578
401
418
754
237
535
466
935
741
17
901
221
90
453
848
93
550
424
412
568
839
464
874
152
1000
885
286
565
768
797
902
346
888
9
99
124
544
256
58
976
964
649
196
745
101
734
528
342
158
941
600
997
94
163
839
94
47
816
659
816
612
250
852
499
260
641
623
494
587
372
469
551
20
356
295
813
89
823
154
247
453
754
935
548
917
773
332
655
588
681
160
890
932
11
78
191
342
392
375
930
764
535
170
474
891
155
286
980
668
130
918
812
574
852
359
181
624
381
836
903
61
686
792
683
697
871
564
729
262
940
348
716
474
208
189
364
363
476
33
722
296
951
533
871
802
582
51
116
963
577
18
714
262
500
397
649
60
961
377
12
900
726
728
63
934
608
117
988
774
151
709
69
792
241
940
284
513
681
400
475
257
108
188
519
298
585
167
359
236
235
61
826
961
480
890
584
87
6
261
551
848
660
620
640
591
250
924
103
931
13
578
879
812
457
397
109
732
255
158
968
490
220
484
140
390
373
414
477
69
676
718
608
335
337
938
927
277
551
29
899
564
298
777
65
755
864
174
176
809
333
835
298
243
318
128
633
691
543
800
450
218
517
57
243
544
685
860
512
235
890
410
489
878
877
554
322
430
419
498
239
442
332
227
375
650
356
7
30
899
497
481
807
704
228
49
938
914
910
449
839
489
549
18
366
115
262
378
546
681
876
475
122
208
702
497
548
748
194
579
646
381
750
142
775
978
192
713
581
792
852
110
971
91
128
26
206
390
404
442
762
279
917
884
177
309
71
726
56
956
995
393
337
744
535
111
411
417
514
683
208
366
793
178
457
611
204
353
691
608
796
452
578
402
26
755
401
788
170
458
743
164
541
770
908
75
572
9
493
85
692
391
141
174
260
288
785
154
642
165
763
127
618
30
529
334
785
931
121
646
78
554
810
619
324
408
384
896
417
567
671
108
959
813
973
218
100
757
372
432
612
825
559
229
855
779
253
330
709
64
976
477
619
475
786
633
883
169
218
990
737
889
788
385
701
760
293
492
206
355
924
819
180
173
738
725
952
992
745
350
746
410
827
364
886
612
687
458
471
905
448
207
484
235
282
875
996
575
366
892
931
981
710
801
153
448
525
795
129
961
144
875
370
661
930
255
272
616
714
433
211
852
331
695
86
613
569
772
188
626
664
118
606
63
919
449
511
133
243
640
93
387
205
464
47
134
409
9
440
813
442
651
664
773
35
441
386
605
212
264
921
566
382
526
630
991
665
140
123
908
471
908
294
366
371
31
190
470
40
630
283
172
972
947
636
6
387
21
301
290
976
221
856
47
437
485
37
101
316
851
699
477
448
683
533
509
714
723
980
444
352
262
307
323
208
943
20
286
654
321
576
629
233
121
676
360
607
403
152
613
944
851
780
392
534
312
901
247
34
880
382
76
832
689
90
731
321
110
16
975
121
282
293
44
403
659
405
700
61
557
2
695
97
782
86
631
784
678
569
818
247
951
585
79
329
675
500
650
475
206
314
596
488
607
641
581
265
736
972
16
983
974
711
79
446
488
711
229
165
970
738
102
610
322
181
939
997
371
278
471
577
282
757
64
579
87
336
534
823
307
550
495
280
951
575
726
128
976
646
293
945
383
86
554
705
958
182
701
329
150
862
906
432
618
661
10
706
997
544
218
303
784
714
273
734
288
690
863
954
335
846
898
718
932
141
422
890
323
813
909
473
674
814
595
291
474
605
687
470
839
906
463
622
619
737
45
597
116
598
550
451
134
137
859
756
969
280
335
982
92
243
454
456
57
739
437
221
33
124
692
872
29
845
183
338
271
919
935
387
517
174
528
341
1
386
787
970
666
122
951
448
365
94
594
112
833
31
334
556
155
716
427
875
560
610
212
522
218
837
909
425
10
437
766
702
513
553
671
179
365
311
317
420
95
912
533
618
633
557
173
788
272
600
662
522
900
564
734
117
400
643
233
100
770
999
802
973
241
162
842
606
163
159
717
258
761
249
876
393
496
48
871
458
338
222
980
928
786
404
735
876
737
968
976
196
657
777
168
588
629
10
885
792
169
601
49
620
850
615
703
35
353
573
493
691
485
162
308
961
566
42
836
302
10
811
498
357
277
667
945
596
677
829
387
536
429
126
846
969
741
548
3
784
811
496
474
295
349
782
946
915
514
781
217
214
281
715
571
248
71
206
844
748
34
921
974
154
737
819
813
167
366
507
951
867
693
424
852
41
896
797
957
99
577
864
314
548
268
885
796
340
781
329
778
816
940
442
660
676
260
162
533
317
669
483
874
52
597
726
93
492
522
740
592
790
293
596
337
562
170
824
592
952
843
59
767
473
191
116
839
142
278
372
149
638
855
22
380
142
748
473
324
961
904
606
750
887
201
777
138
372
290
730
323
824
480
780
987
361
896
825
503
864
887
652
191
432
675
571
574
112
735
898
72
328
504
512
214
705
980
353
76
960
773
89
473
943
869
459
304
454
975
807
318
861
149
199
292
824
771
866
626
195
454
389
523
958
591
427
352
570
780
119
220
553
208
693
185
77
152
489
531
126
987
539
677
135
429
970
649
890
525
274
84
979
353
297
936
945
724
979
204
504
97
424
747
305
808
622
72
650
111
294
466
97
523
142
923
952
802
571
841
327
535
615
305
579
602
932
523
326
910
417
520
697
842
957
1
339
578
74
989
379
58
144
166
581
286
88
223
88
349
754
105
575
369
100
153
661
31
676
987
631
783
196
327
624
152
19
653
421
784
641
800
842
475
967
112
762
745
335
540
94
89
645
359
148
745
512
809
467
878
796
788
660
682
806
975
835
825
627
946
298
959
435
139
433
401
251
885
837
587
424
621
366
759
980
514
194
181
322
661
58
808
138
718
490
634
382
14
458
700
960
446
658
394
585
781
486
527
666
12
804
780
633
169
539
302
373
733
483
695
83
541
193
221
949
683
856
21
387
3
721
36
140
378
120
725
849
296
942
514
308
745
294
631
604
523
933
977
255
415
362
338
646
555
249
285
928
795
306
4
489
26
40
629
94
160
43
943
457
986
457
455
420
441
86
715
964
18
381
909
124
433
937
770
678
185
54
605
671
360
609
850
76
339
478
170
500
521
113
647
196
260
101
307
391
187
21
44
897
92
953
20
526
889
480
203
764
535
499
124
585
798
974
352
137
451
522
327
663
325
974
549
275
765
856
666
643
567
710
539
350
352
249
876
931
729
769
695
954
267
509
229
65
483
581
202
624
793
529
286
118
192
526
393
957
71
750
599
329
149
828
679
502
76
554
432
496
322
817
449
280
326
678
345
499
949
237
122
742
456
409
550
338
625
633
985
696
382
584
24
222
101
393
724
869
947
846
364
960
353
503
930
369
181
274
868
820
201
990
251
347
88
801
685
403
124
669
99
506
943
814
728
44
207
141
603
844
678
967
493
721
469
422
89
340
386
647
160
587
326
101
934
105
903
308
508
26
978
607
222
610
111
641
344
318
472
947
161
149
913
655
560
382
767
649
412
153
986
262
430
312
364
54
417
957
362
925
983
29
222
895
640
333
225
984
341
698
931
192
537
533
537
97
605
304
436
17
457
422
279
577
734
643
631
841
599
994
765
271
713
677
857
42
700
81
26
40
469
647
233
697
870
770
794
475
764
229
182
911
341
461
488
765
795
118
605
83
802
60
45
515
737
592
247
437
363
964
167
833
300
90
529
170
551
12
335
314
932
517
225
273
668
713
37
152
521
643
927
323
703
972
528
129
253
775
256
616
739
424
138
38
514
667
208
64
369
233
69
301
750
294
264
418
697
992
260
217
634
186
540
26
157
758
847
100
533
102
717
962
216
855
1000
731
212
899
485
581
131
554
572
572
538
836
990
234
828
249
452
151
126
682
869
283
440
715
74
663
507
791
624
724
645
313
144
857
211
319
128
33
564
700
605
101
226
284
26
53
223
168
895
349
850
453
323
980
858
397
642
365
187
265
779
522
579
923
69
480
241
197
513
495
587
808
597
813
91
313
556
5
481
451
354
20
904
677
0
762
764
332
817
951
288
595
163
557
207
232
36
138
119
240
634
706
738
921
519
830
233
74
525
714
215
879
424
810
246
114
571
9
447
77
651
735
672
814
982
569
736
708
707
855
948
340
560
376
260
769
205
183
844
420
587
749
298
11
558
544
125
819
244
572
896
585
997
257
88
978
826
824
686
533
368
323
563
618
699
824
387
594
697
921
13
284
669
2
295
227
236
420
45
480
683
632
755
369
889
843
37
405
356
413
628
724
426
190
342
816
704
419
409
401
339
113
685
698
115
670
925
41
780
661
212
152
983
967
522
561
810
249
966
165
352
283
890
778
474
922
593
868
340
693
959
369
806
643
66
611
2
682
342
783
342
554
935
14
521
146
575
330
395
231
185
747
514
765
215
988
686
808
546
716
500
504
84
996
838
151
296
840
833
639
622
865
192
247
879
403
393
143
733
479
374
609
916
889
373
130
566
59
629
111
465
819
616
550
505
453
391
801
292
914
129
605
778
12
852
346
415
244
489
839
413
554
447
329
442
820
149
7
569
778
119
34
287
425
584
792
878
975
592
860
888
412
464
355
424
315
391
839
250
570
677
353
123
123
372
255
634
522
263
202
990
72
236
276
497
820
67
64
484
350
924
61
762
78
106
876
393
497
714
333
67
81
687
881
895
58
136
528
270
89
731
260
161
657
226
348
167
985
412
651
24
25
403
786
103
199
351
187
697
755
520
454
836
897
334
421
646
160
949
916
249
369
866
100
26
92
448
193
767
550
534
791
266
627
266
369
827
617
246
213
371
457
357
898
353
381
318
689
542
957
605
791
16
160
892
733
943
29
616
709
580
149
499
846
467
455
905
984
71
151
196
133
608
553
30
651
934
38
340
165
995
635
957
10
485
538
433
428
257
48
827
837
198
326
372
355
471
968
338
543
118
534
676
416
777
396
757
400
434
787
566
428
111
212
129
597
440
562
24
697
611
541
534
499
557
596
544
28
563
882
571
371
105
937
477
572
332
234
972
766
20
537
884
132
439
12
419
879
265
133
576
566
674
800
64
231
395
608
259
649
179
830
710
975
766
187
546
788
111
517
553
822
745
436
954
183
139
62
62
404
195
638
970
870
127
724
100
522
21
359
861
200
879
571
865
334
448
410
121
559
617
674
380
361
800
24
235
939
86
297
342
282
625
1
151
752
725
942
964
436
991
515
326
869
85
190
202
533
600
13
91
217
377
161
268
176
185
503
806
272
490
147
244
805
840
395
246
254
26
901
691
16
415
16
885
190
207
777
723
807
480
504
714
857
665
983
723
541
175
528
813
666
366
56
470
205
141
407
459
167
307
149
874
722
857
448
912
63
915
324
560
394
518
274
941
182
947
663
723
812
882
225
477
247
281
638
142
112
44
291
970
41
441
843
763
297
290
364
50
204
688
610
598
896
574
228
768
210
892
181
22
463
406
189
710
378
827
542
180
561
833
150
292
964
993
745
260
283
108
0
177
486
611
776
381
875
694
149
85
585
20
107
738
426
987
447
494
504
679
675
755
512
825
47
475
817
792
426
790
901
426
968
76
727
433
148
602
126
297
687
402
317
484
139
433
470
277
928
664
956
602
419
157
116
466
633
623
257
58
413
848
174
70
925
902
193
72
503
319
59
880
411
66
363
241
499
523
208
116
187
163
408
606
11
524
71
644
147
18
392
250
867
566
320
791
467
203
553
970
522
612
849
624
368
902
865
867
115
763
674
302
926
772
598
627
296
359
270
133
377
662
73
934
919
393
414
385
596
967
45
808
268
584
121
636
486
676
193
601
438
557
593
54
328
881
681
314
239
642
447
306
303
520
931
912
603
344
297
889
1
32
387
269
616
508
596
792
875
789
392
312
35
675
56
363
555
738
678
484
379
815
481
372
335
411
284
628
755
271
207
756
994
594
716
609
792
311
401
356
790
483
669
825
849
415
187
93
152
555
578
221
370
749
284
705
159
258
22
604
219
229
50
212
513
456
511
996
767
912
351
246
85
710
70
934
125
948
26
968
503
294
189
873
733
163
267
582
421
980
877
640
900
927
852
412
72
52
407
839
655
449
775
740
158
845
363
283
482
79
251
675
64
130
237
797
293
194
69
714
174
946
43
73
562
585
175
634
637
273
162
291
722
937
721
880
471
83
163
953
163
104
318
918
925
555
714
217
750
783
621
924
418
354
687
980
629
862
613
265
825
465
247
546
401
968
426
562
742
279
515
595
383
833
512
998
77
916
905
827
389
215
440
807
569
817
787
197
369
89
152
193
555
89
740
646
57
165
208
799
444
413
83
517
936
595
204
12
510
108
530
899
323
970
706
582
787
182
469
155
962
311
38
206
401
778
543
458
633
751
947
76
854
29
283
789
314
487
491
824
285
20
413
298
681
809
880
157
681
38
2
642
350
40
539
751
819
81
899
451
522
535
218
65
254
191
854
568
369
34
81
654
746
494
953
426
993
522
273
673
561
275
5
911
315
234
351
824
315
249
966
527
784
874
592
37
64
135
295
123
169
376
778
605
561
420
721
553
632
994
917
192
268
612
793
274
846
143
788
160
82
443
687
866
316
969
593
71
103
888
885
963
955
352
568
515
772
288
67
404
973
674
286
931
285
770
204
130
913
683
981
686
816
357
241
823
325
835
894
428
412
468
391
366
821
959
881
282
937
639
376
909
312
663
840
598
432
734
418
34
106
399
720
923
756
962
745
81
486
328
199
898
796
590
955
616
238
835
589
866
473
965
464
476
627
303
764
749
728
181
474
524
270
884
446
26
535
881
798
20
208
997
609
695
277
563
0
205
397
589
761
561
554
225
727
871
218
180
310
946
361
784
470
322
357
606
38
893
487
526
913
385
212
211
79
489
774
771
385
862
359
145
112
603
60
839
164
279
18
474
915
69
948
74
81
304
681
119
887
858
645
490
933
858
701
703
36
475
473
421
26
522
257
138
125
317
667
980
596
375
453
201
134
90
275
216
84
646
335
972
503
981
461
436
528
852
138
564
16
301
676
42
823
623
871
638
940
537
617
226
602
760
427
737
540
702
953
625
348
287
286
541
958
437
667
175
288
495
740
996
796
105
728
309
728
599
637
357
826
254
583
428
704
700
164
935
92
807
249
130
784
535
671
742
662
28
607
640
523
36
635
319
141
363
318
559
652
955
917
477
899
189
595
293
890
449
227
982
255
476
802
39
701
472
471
362
500
77
1
714
114
327
723
946
380
40
505
31
995
421
198
894
300
794
186
189
242
413
861
188
579
662
227
279
825
698
641
14
465
332
728
579
659
450
525
729
490
720
760
175
140
959
68
440
442
945
320
684
47
180
872
626
533
789
905
357
486
235
61
952
567
790
220
917
239
435
645
420
154
95
595
985
53
353
425
495
297
435
869
34
305
431
660
838
219
254
885
396
489
947
37
746
736
257
352
665
693
688
775
537
783
59
522
526
412
637
711
399
71
579
433
376
700
92
905
920
36
789
315
525
735
352
962
160
299
313
516
682
0
981
219
473
40
431
999
142
67
709
542
138
979
665
514
678
448
418
287
484
898
602
700
322
644
661
173
634
664
379
5
355
359
224
828
89
345
827
232
412
225
774
550
894
128
755
262
576
863
549
60
760
151
760
82
485
110
946
809
774
324
815
128
683
729
957
773
74
473
695
486
388
158
727
973
286
481
234
863
343
783
613
794
624
372
566
109
482
511
608
946
835
422
74
207
151
721
670
916
884
364
401
962
522
127
934
499
298
167
361
642
951
664
125
574
35
691
373
207
201
672
843
35
93
607
933
935
327
603
850
901
967
942
863
179
759
796
368
57
654
419
389
604
82
514
868
117
895
932
14
95
603
857
821
386
464
753
321
481
355
861
382
12
492
935
882
251
730
249
999
383
358
77
677
440
281
235
247
175
166
261
270
459
808
781
845
962
533
856
443
579
717
515
281
208
449
853
149
869
792
147
943
149
224
309
589
505
544
836
370
400
787
330
859
284
110
704
246
334
559
379
603
966
894
574
174
32
426
13
591
908
161
223
747
75
533
335
271
767
861
641
167
337
972
25
621
772
419
867
105
669
936
398
324
519
972
188
551
87
202
833
995
53
55
431
128
588
766
89
355
316
731
212
343
392
928
965
163
37
521
960
396
457
357
720
976
19
599
217
106
801
49
792
854
795
222
672
73
679
762
118
685
182
330
28
574
257
993
427
294
513
386
380
660
434
100
636
453
699
543
249
189
282
40
733
76
954
404
149
632
165
267
6
347
597
34
611
545
26
38
529
230
114
910
890
238
700
215
691
88
448
631
277
730
361
700
807
314
103
646
636
960
914
643
997
200
367
608
435
394
336
655
314
450
254
894
379
644
800
760
732
247
390
699
668
752
398
164
756
191
810
82
150
413
415
147
304
782
755
429
866
781
83
870
921
337
764
299
671
253
59
402
190
449
791
858
891
879
21
337
70
832
109
220
935
524
57
238
996
502
668
552
282
441
421
203
469
875
502
139
127
561
232
318
701
22
866
281
592
888
618
662
409
417
572
343
941
320
272
627
822
630
869
104
70
289
998
229
855
499
59
672
751
291
680
141
3
546
422
595
123
731
947
532
147
209
565
779
529
837
95
350
156
964
144
918
943
141
146
797
331
205
159
81
496
839
913
190
74
24
475
888
755
422
419
593
631
675
371
850
511
466
199
668
119
34
275
61
175
421
549
506
317
708
277
503
236
189
693
1
214
168
889
659
280
308
251
601
673
312
450
183
468
339
541
587
373
816
649
239
928
197
745
244
905
713
747
831
592
440
832
806
298
721
155
578
719
406
178
391
409
318
264
877
657
496
464
721
1
112
960
929
309
394
172
904
106
610
734
699
740
256
194
37
977
349
305
385
446
483
776
545
801
730
421
147
225
885
868
227
997
517
155
996
912
18
589
17
318
13
406
57
269
291
94
245
330
399
630
776
572
95
320
62
825
432
209
741
316
768
968
3
284
813
689
886
521
278
594
839
291
1000
896
560
290
680
495
621
769
815
86
340
910
97
92
424
529
993
855
535
760
512
538
734
325
918
310
536
195
904
65
176
903
961
426
884
331
921
194
99
425
280
130
24
67
222
448
286
214
303
822
664
505
49
88
830
967
398
56
852
992
121
718
894
772
143
467
102
754
661
893
869
632
22
893
389
935
31
676
840
24
187
193
529
236
281
49
894
369
105
435
360
917
153
945
688
987
411
481
431
763
373
299
84
85
883
473
710
914
839
549
938
25
743
466
953
714
515
846
774
310
280
133
226
123
768
915
110
870
85
231
632
148
220
406
924
102
569
633
15
408
873
643
433
305
800
385
18
314
921
792
315
201
616
541
14
383
145
815
252
921
45
574
68
266
670
992
58
239
315
74
647
187
407
770
492
206
846
200
211
456
683
526
657
989
757
362
61
593
176
314
513
222
578
582
178
939
263
236
177
578
0
514
455
408
974
947
304
819
838
515
275
210
731
622
198
488
674
259
80
851
263
283
72
532
865
941
470
819
867
647
396
868
160
852
966
824
488
269
333
15
475
298
225
205
920
423
383
284
683
463
134
636
747
897
167
301
837
637
119
703
283
206
260
133
748
225
958
926
185
290
942
660
278
166
555
888
280
939
171
653
91
305
288
528
201
146
830
37
783
639
431
757
535
691
890
282
607
537
899
792
517
840
141
795
696
696
683
666
324
854
8
416
850
297
944
50
443
463
779
916
102
209
672
327
590
252
300
196
479
198
678
997
728
819
481
113
205
854
780
529
398
788
945
247
775
579
988
908
41
456
824
834
355
185
161
946
437
461
141
917
659
820
603
76
328
774
189
533
318
659
62
716
137
697
653
912
275
330
510
7
787
23
841
141
208
692
777
336
152
609
943
501
118
545
267
446
8
457
980
326
115
732
732
943
118
74
855
84
95
54
91
882
77
622
713
976
314
490
311
156
98
253
348
216
488
615
352
497
71
331
513
878
753
936
820
562
9
364
646
104
418
427
676
185
48
389
161
362
569
472
209
667
416
557
573
904
171
925
90
934
947
604
501
389
539
10
951
238
65
286
33
483
713
709
359
762
788
520
814
356
682
22
713
97
269
285
1
441
901
782
64
847
385
255
235
614
265
877
543
330
162
576
504
876
975
863
327
763
72
140
809
754
854
522
542
122
497
233
253
397
14
317
934
90
572
860
394
528
736
937
858
898
512
51
463
177
914
790
940
676
621
748
430
474
960
662
596
457
895
540
544
599
857
478
689
119
337
83
337
763
710
194
660
913
937
814
89
850
603
28
216
223
466
336
387
116
998
674
573
582
213
807
180
760
284
870
879
311
643
906
73
352
100
424
264
727
237
353
576
530
71
792
444
228
818
831
344
815
504
607
396
717
413
577
477
388
136
45
699
779
952
463
821
742
887
85
468
814
128
734
343
200
216
787
428
33
618
462
539
812
68
935
529
171
201
696
559
337
741
949
115
382
101
627
814
988
712
281
491
840
706
524
730
922
311
848
645
619
309
183
120
377
118
649
549
319
34
798
347
776
746
152
848
847
779
662
524
490
633
705
20
338
229
750
950
230
288
595
539
597
468
659
665
586
308
904
596
32
391
633
808
828
785
346
674
564
7
889
744
330
283
454
669
512
895
618
742
182
903
971
469
371
630
133
647
628
727
933
660
118
565
158
946
40
504
309
294
201
888
37
531
171
182
890
373
76
198
115
258
100
85
417
161
405
551
499
32
968
431
693
776
687
541
411
727
44
721
20
936
298
748
466
159
930
356
533
696
554
338
954
344
113
371
196
519
612
695
551
269
816
934
45
502
474
146
919
208
557
629
143
856
67
610
14
687
656
547
383
900
885
336
934
999
397
129
207
699
824
758
659
640
382
704
832
856
540
751
755
97
69
898
953
136
197
657
824
543
204
206
442
779
232
376
467
320
195
674
709
19
122
367
349
504
761
180
49
301
931
804
398
691
392
40
827
589
697
340
132
591
236
264
370
469
330
527
479
526
201
187
545
13
245
894
517
5
764
256
997
385
60
394
75
452
434
592
731
822
933
553
412
168
818
472
327
838
1000
496
363
891
374
598
904
619
181
110
314
946
366
311
330
426
705
405
568
830
687
990
651
619
542
62
478
49
535
495
888
224
992
250
114
55
849
708
674
720
818
988
665
183
298
995
300
694
89
868
523
467
547
864
85
89
926
253
829
150
439
716
64
120
967
178
175
505
576
849
224
393
526
580
577
825
264
877
208
44
434
731
511
982
594
286
761
209
540
589
50
669
305
114
789
962
984
964
156
559
502
70
953
27
650
529
542
915
95
750
959
529
480
469
200
764
445
651
664
985
240
714
343
235
518
131
196
501
94
42
751
596
112
703
314
453
922
856
57
707
